topic1,topic2,topic3,topic4,topic5,topic6,topic7,topic8,topic9,topic10,doc_id
4.993708708956208e-4,4.993708711639371e-4,4.993708709404852e-4,0.6018443622403363,4.993708710362369e-4,0.39416067079150835,4.993708711167397e-4,4.993708710466833e-4,4.99370870986379e-4,4.993708709692609e-4,text1
3.613903301896846e-4,3.6139033029457946e-4,3.6139033005484967e-4,3.613903302185788e-4,0.403033506722761,3.613903300900709e-4,3.6139033013598914e-4,0.35861320181843764,3.613903302112004e-4,0.23582355914760644,text10
4.570654734283708e-4,0.6756631739989313,4.570654735295304e-4,0.320680302212673,4.570654735885615e-4,4.5706547358343895e-4,4.570654736129745e-4,4.570654735579147e-4,4.570654735228826e-4,4.570654735720824e-4,text100
2.850225874017566e-4,0.4071482166726769,0.07708387208617244,2.8502258728771267e-4,0.11768357901603853,0.3963741967009675,2.850225874493875e-4,2.850225874105281e-4,2.8502258728718536e-4,2.8502258730810233e-4,text1000
3.0091992423800175e-4,3.0091992429886723e-4,0.14758067625033822,3.00919924189886e-4,3.0091992422800237e-4,3.0091992428403437e-4,3.0091992428574876e-4,3.0091992428914974e-4,3.0091992422494194e-4,0.8500119643556231,text1001
4.1329850917175677e-4,0.99628031341645,4.1329850917575775e-4,4.132985094886228e-4,4.1329850931973053e-4,4.132985092321847e-4,4.132985092791483e-4,4.132985094253378e-4,4.1329850920168715e-4,4.1329850925581947e-4,text1002
2.488671438584724e-4,2.488671439113629e-4,0.5957610731380921,2.4886714386206435e-4,2.4886714387484135e-4,0.4022479897106729,2.48867143952879e-4,2.4886714394103894e-4,2.488671438957061e-4,2.4886714393867673e-4,text1003
0.4417860344742815,2.547424852561278e-4,2.5474248538328513e-4,2.547424852681719e-4,2.547424853381182e-4,2.547424853380857e-4,0.5561760256431223,2.547424853227658e-4,2.5474248539595517e-4,2.547424852936593e-4,text1004
2.8130728275340165e-4,0.6978279368163611,0.10123121184006277,2.813072827380347e-4,2.813072829484695e-4,2.8130728291071635e-4,0.19897170036378628,2.81307282859378e-4,2.813072828610654e-4,2.813072827188159e-4,text1005
0.579166606216658,0.4181237722656358,3.3870268981268557e-4,3.387026896756799e-4,3.3870268972484145e-4,3.387026896863063e-4,3.387026897665992e-4,3.38702689790295e-4,3.3870268959719984e-4,3.3870268965251356e-4,text1006
0.1482573222684182,3.1178882602880657e-4,0.5159037993089991,3.1178882636626634e-4,0.06506755810431783,3.117888261943047e-4,3.1178882615885125e-4,3.117888260510881e-4,3.1178882617276677e-4,0.2689005873612928,text1007
4.05532047931917e-4,4.05532048065537e-4,0.9062237642422881,4.0553204797004564e-4,0.09053197937375276,4.055320480223887e-4,4.055320480048732e-4,4.0553204799480974e-4,4.055320479394403e-4,4.055320480301361e-4,text1008
2.532477950071655e-4,2.532477949990589e-4,0.7235279756198318,2.5324779508124765e-4,2.5324779502538153e-4,2.532477949791925e-4,2.532477950346782e-4,0.21482592860432392,0.059873361210651406,2.532477950662208e-4,text1009
4.017572553954822e-4,4.017572557703691e-4,4.017572555069151e-4,0.2473482126430226,4.01757255624608e-4,4.017572556718298e-4,4.0175725566524823e-4,4.0175725547799166e-4,4.01757255377254e-4,0.7494377293124876,text101
2.547424853025781e-4,2.5474248530249195e-4,0.3746782267931323,2.5474248531229135e-4,2.5474248529624326e-4,0.19374610594174246,0.36187875155635424,2.547424853087355e-4,2.5474248527960537e-4,0.06816846079696913,text1010
3.095526844842428e-4,3.0955268459031206e-4,0.11494822059693276,3.0955268458959464e-4,0.7270834779090153,0.15580143270217087,3.0955268459763964e-4,3.095526846016396e-4,3.095526844780499e-4,3.0955268453961514e-4,text1011
2.4463546794732145e-4,2.446354679484765e-4,0.8130511352074286,2.4463546791335595e-4,0.10231044425308465,2.446354678850069e-4,0.0829259722639602,2.446354678878961e-4,2.446354679181023e-4,2.446354680263578e-4,text1012
2.7768759078837193e-4,2.776875908406686e-4,0.9975008116828292,2.776875907163845e-4,2.776875907647782e-4,2.7768759088984995e-4,2.7768759082710207e-4,2.776875908025118e-4,2.776875907513421e-4,2.7768759078985095e-4,text1013
2.517705423531546e-4,0.1631196011348933,2.517705423712221e-4,2.517705423688358e-4,2.5177054238252703e-4,0.06404714087661749,0.7710708641919649,2.517705423597227e-4,2.5177054232834246e-4,2.5177054236059324e-4,text1014
2.609019484502743e-4,2.6090194853927134e-4,2.6090194846611474e-4,2.6090194840676286e-4,2.609019484668419e-4,0.318549062137579,0.6793637222748122,2.609019484766596e-4,2.6090194840069285e-4,2.609019484021913e-4,text1015
3.413816294839235e-4,0.16090581549904262,0.26947156427534674,3.413816294477813e-4,3.4138162950984467e-4,3.41381629602473e-4,3.413816296023749e-4,3.4138162961508086e-4,3.4138162962362605e-4,0.5672329488187255,text1016
2.927555987808144e-4,2.9275559881026305e-4,0.824377096898756,2.927555987364307e-4,2.9275559877903483e-4,2.927555987482021e-4,0.02858215365976253,2.927555987337291e-4,2.927555988073052e-4,0.14499146025008566,text1017
2.967816228146932e-4,2.967816230001304e-4,2.967816229380392e-4,2.967816228144478e-4,2.9678162282264586e-4,2.967816228213779e-4,0.9973289653942581,2.967816228920239e-4,2.967816228080818e-4,2.967816228304656e-4,text1018
0.04187218997858042,2.562549240475745e-4,2.5625492402081107e-4,2.562549239755239e-4,2.5625492396765724e-4,2.5625492399215376e-4,0.25105108897477174,0.2058947326551687,2.562549240453676e-4,0.4996444588474301,text1019
4.475858962452337e-4,0.45948299695557904,4.4758589615499664e-4,4.4758589633524763e-4,4.4758589615389417e-4,4.4758589614475944e-4,4.475858961735013e-4,4.4758589615249576e-4,4.4758589615284813e-4,0.536936315874908,text102
0.1567733072466811,2.1972751516311705e-4,0.24175745589847294,2.197275151758455e-4,2.1972751524380204e-4,0.5999311442485009,2.19727515241858e-4,2.1972751512379133e-4,2.1972751517700256e-4,2.1972751521960704e-4,text1020
0.5149174222190352,3.334689964096891e-4,3.334689963538226e-4,3.334689963453138e-4,3.334689964507326e-4,0.2416417452315066,3.33468996305988e-4,0.24110654957486213,3.3346899634636236e-4,3.334689963840211e-4,text1021
0.06569578283463143,3.5838953728652904e-4,0.5488955067764337,3.5838953713237414e-4,3.5838953724048645e-4,3.583895372234032e-4,3.583895372713229e-4,0.3828999836285856,3.5838953713511555e-4,3.583895370600362e-4,text1022
3.05175266018453e-4,3.0517526598937433e-4,0.9072498618057285,3.051752660393456e-4,3.051752659857356e-4,3.051752661529679e-4,3.051752660664463e-4,3.05175265995406e-4,0.09030873606606982,3.0517526595394954e-4,text1023
2.609019484705042e-4,2.6090194860681096e-4,0.15773134074725273,2.609019484483451e-4,2.609019484894927e-4,0.12765829685394192,2.609019485871191e-4,2.6090194856392214e-4,0.4031522530698993,0.3098926976377398,text1024
2.657206277643384e-4,2.6572062772503737e-4,0.14515302059724475,2.6572062764971464e-4,2.657206277242785e-4,0.05915989670757939,0.12221340465240395,2.657206277976623e-4,2.657206277426147e-4,0.6718793542763682,text1025
2.6736665371852604e-4,2.673666536445025e-4,2.6736665375272855e-4,2.6736665369304577e-4,2.673666536300165e-4,0.9116327410185938,2.673666536560353e-4,2.673666536115372e-4,0.08622832575194013,2.6736665375970317e-4,text1026
2.947548636898234e-4,0.8399356878540651,0.1577062732363502,2.9475486364069313e-4,2.947548637892048e-4,2.9475486368384167e-4,2.947548636800703e-4,2.9475486378365874e-4,2.9475486365453845e-4,2.9475486366297967e-4,text1027
3.7070198479827296e-4,0.32725366862288546,0.6697807154988417,3.7070198467925667e-4,3.707019847404638e-4,3.7070198491734834e-4,3.707019848265446e-4,3.7070198482459435e-4,3.7070198476592335e-4,3.7070198472047305e-4,text1028
3.210660731001482e-4,0.1550021905974284,0.15880160004059288,3.210660731222597e-4,0.6839487468497383,3.210660731942317e-4,3.210660732658444e-4,3.210660732471994e-4,3.2106607322138637e-4,3.210660730893671e-4,text1029
3.9441463766222125e-4,3.9441463776800756e-4,0.4738825964569085,0.5229620864411066,3.944146377455419e-4,3.9441463786279426e-4,3.944146377435757e-4,3.9441463774403526e-4,3.9441463770318355e-4,3.9441463775550893e-4,text103
3.7070198474066957e-4,3.7070198487228944e-4,3.7070198473084095e-4,3.707019846985311e-4,3.7070198478866443e-4,3.707019847572145e-4,3.7070198482800883e-4,0.9966636821372418,3.7070198464470505e-4,3.707019846972296e-4,text1030
2.673666537029102e-4,0.2686159231766909,0.16835532841593437,2.673666537005543e-4,0.4001369119601448,2.673666537159258e-4,0.1612876365250449,2.6736665365309265e-4,2.67366653661566e-4,2.673666537508936e-4,text1031
0.703546653257532,2.813072828014728e-4,2.813072829014939e-4,2.813072827197256e-4,2.813072829219476e-4,2.813072829684988e-4,0.2942028884797538,2.813072828614274e-4,2.813072828053522e-4,2.813072827343053e-4,text1032
3.259148559993685e-4,0.4805543951144369,0.030248909872376162,3.259148560445239e-4,0.4703377530598611,3.259148562928358e-4,3.2591485610955235e-4,0.01690345281660659,3.2591485618645703e-4,3.259148560864268e-4,text1033
2.5625492402177357e-4,2.5625492396953194e-4,2.5625492400141984e-4,2.5625492389108785e-4,0.021027961446460942,0.3381757835137581,2.5625492404356663e-4,2.562549240293038e-4,0.6390024705719712,2.5625492385294773e-4,text1034
2.8315274822297213e-4,2.831527482487488e-4,0.7929685079849125,2.831527482632787e-4,2.831527483303762e-4,2.831527482829182e-4,0.20476627002907344,2.831527482594684e-4,2.831527481818577e-4,2.831527482245873e-4,text1035
0.636680776681647,3.309123385909025e-4,3.309123385942163e-4,3.3091233855100656e-4,0.11567326849674395,3.30912338688327e-4,3.309123385951543e-4,3.309123386259704e-4,0.2453295684513699,3.3091233859350295e-4,text1036
3.051752659682464e-4,3.051752659663584e-4,0.9972534226064027,3.051752659375395e-4,3.051752659617148e-4,3.051752659681872e-4,3.051752659846648e-4,3.0517526587074396e-4,3.051752660109117e-4,3.051752659289029e-4,text1037
2.4463546789825057e-4,0.451671877630114,2.446354679316819e-4,2.446354678255963e-4,2.4463546792689855e-4,0.4549155664951157,0.09170010759952786,2.446354679746347e-4,2.446354678684551e-4,2.4463546781683165e-4,text1038
3.675452370033806e-4,3.6754523709610847e-4,3.67545237037833e-4,3.675452370636234e-4,0.18494075654826245,3.675452370076636e-4,0.2887680517937218,3.675452370674821e-4,0.5237183749987167,3.6754523702293095e-4,text1039
4.429920494903388e-4,0.15674002046714125,4.4299204946652193e-4,0.8397160431365619,4.4299204962699025e-4,4.4299204949720393e-4,4.4299204958046524e-4,4.429920495854624e-4,4.4299204951754264e-4,4.4299204953231777e-4,text104
3.163594504070061e-4,3.1635945034469507e-4,0.281647363174011,3.1635945026272505e-4,3.1635945031770955e-4,0.1297956193805324,3.163594504316497e-4,3.163594504042671e-4,0.3157412497124312,0.2709176110308573,text1040
0.08254309368695487,0.0648864376726037,3.234722953769017e-4,3.2347229507313454e-4,3.2347229507560744e-4,3.234722951335726e-4,3.2347229516833687e-4,3.2347229515045176e-4,3.2347229520622936e-4,0.8503061625742573,text1041
0.8141877367390138,3.051752659633044e-4,3.0517526606623125e-4,3.051752659657036e-4,3.0517526602332043e-4,3.051752659612746e-4,3.0517526605148177e-4,3.051752660135722e-4,0.1833708611329049,3.0517526603655897e-4,text1042
2.5625492388013546e-4,2.56254924031942e-4,2.5625492389189737e-4,2.5625492389612457e-4,2.5625492397108717e-4,0.09250660109903909,0.9054433595096265,2.5625492393917737e-4,2.5625492383922856e-4,0.00025625492388477237,text1043
2.640947449952678e-4,2.640947450687984e-4,0.28508849945570974,2.640947449805822e-4,0.712798742584035,2.640947451252209e-4,2.6409474502891674e-4,2.640947450309169e-4,2.640947450015264e-4,2.6409474502420046e-4,text1044
3.163594503157053e-4,0.19144525644768579,3.163594503853706e-4,3.163594503017875e-4,3.163594503121392e-4,3.163594502639724e-4,0.00031635945027972306,3.163594503172224e-4,3.1635945026877495e-4,0.8060238679498695,text1045
2.4744041199824366e-4,2.474404120336426e-4,2.47440412057813e-4,2.474404120065278e-4,2.4744041212074614e-4,0.1029075327959462,0.8951129439077894,2.4744041203973645e-4,2.4744041199062903e-4,2.474404120169722e-4,text1046
0.726719180564923,2.4602994559658133e-4,0.11392941808947771,2.460299455408945e-4,2.4602994553736107e-4,2.460299455614367e-4,2.4602994559008354e-4,0.15762919172660908,2.460299455855857e-4,2.4602994557814566e-4,text1047
0.6801818116295457,0.23934716721730306,1.7514567133063952e-4,1.7514567128446387e-4,1.75145671288574e-4,1.7514567128434528e-4,0.07924500145407708,1.7514567133469146e-4,1.7514567126675055e-4,1.7514567128460888e-4,text1048
2.54742485241168e-4,0.9350374300291217,0.06292463008893971,2.547424852279716e-4,2.5474248528588664e-4,2.5474248520208697e-4,2.547424852873893e-4,2.547424852654587e-4,2.547424852114683e-4,2.547424852173151e-4,text1049
4.1329850925080004e-4,4.1329850935157084e-4,4.1329850939541093e-4,0.515851654330871,4.13298509419284e-4,0.3293359033674206,4.132985094074726e-4,4.132985093938717e-4,0.15191935273620433,4.132985092857642e-4,text105
1.9759699461565638e-4,0.2310229675395207,0.47288879268679657,1.9759699456985702e-4,1.9759699466456916e-4,0.235657786769039,0.05924487103687335,1.975969946721796e-4,1.9759699462483716e-4,1.9759699462333294e-4,text1050
2.888373434880027e-4,2.888373434333836e-4,0.573346574588011,2.888373433891285e-4,0.0853864429942684,0.33924512101368504,2.8883734347814606e-4,2.8883734343646775e-4,2.888373433803908e-4,2.888373434302423e-4,text1051
0.9976518824635965,2.609019484399045e-4,2.6090194856661855e-4,2.6090194845188746e-4,2.609019484829384e-4,2.6090194849357786e-4,2.609019485487052e-4,2.609019484596428e-4,2.609019484898266e-4,2.6090194847036926e-4,text1052
0.997734065119248,2.5177054226792084e-4,2.517705423375998e-4,2.5177054225790385e-4,2.517705423390399e-4,2.5177054236677043e-4,2.5177054228413997e-4,2.5177054229545074e-4,2.517705423062732e-4,2.51770542296885e-4,text1053
1.7877290280229506e-4,1.7877290278724974e-4,0.1575226582135613,1.7877290276814442e-4,1.7877290286259803e-4,1.7877290285539836e-4,0.8410471585639319,1.7877290283871915e-4,1.7877290279766703e-4,1.7877290279466924e-4,text1054
2.0222604160833422e-4,2.0222604162838776e-4,0.5374524165056381,0.46092977516149636,2.022260415875733e-4,2.022260415430573e-4,2.0222604163541908e-4,2.0222604160004975e-4,2.0222604165321832e-4,2.02226041609506e-4,text1055
2.302782840380258e-4,2.302782840491035e-4,0.41133643797401376,2.3027828401739271e-4,0.16260945797404044,0.2358300298053343,2.3027828406578676e-4,0.10854957402558806,0.0805231088008028,2.3027828405029234e-4,text1056
2.0413896305399221e-4,0.06963470150467117,2.0413896312065986e-4,2.0413896307717457e-4,2.0413896309079738e-4,2.0413896313262688e-4,0.9287321867905659,2.0413896309456122e-4,2.0413896310031944e-4,2.0413896309274385e-4,text1057
2.219877187563801e-4,2.2198771871650717e-4,0.07887530750920609,2.2198771876459343e-4,2.2198771877262176e-4,2.2198771873372042e-4,2.2198771875527965e-4,2.219877187350272e-4,0.6120277618654313,0.3075430165941284,text1058
0.9979051421404391,2.3276198434537084e-4,2.327619844373442e-4,2.3276198434789337e-4,2.3276198443841287e-4,2.3276198444840867e-4,2.327619844138556e-4,2.327619843914274e-4,2.3276198438717006e-4,2.3276198435111562e-4,text1059
3.9084306405601585e-4,0.3513095968661417,3.9084306400236595e-4,3.9084306427480833e-4,3.9084306422498534e-4,3.908430641312236e-4,3.908430641159419e-4,0.6455636586207086,3.908430641411125e-4,3.908430642032939e-4,text106
2.1216677979336485e-4,2.1216677981153855e-4,0.9980904989818289,2.1216677976958447e-4,2.1216677981085932e-4,2.1216677981031866e-4,2.1216677983802213e-4,2.12166779795878e-4,2.1216677977967889e-4,2.1216677976191252e-4,text1060
0.5153960670529403,2.2198771878343884e-4,2.21987718788592e-4,2.21987718686917e-4,0.28911033796030094,0.19393968095549147,2.2198771875975277e-4,2.2198771878888552e-4,2.2198771875920492e-4,2.2198771870053004e-4,text1061
1.5282081864502855e-4,1.5282081864063192e-4,0.006040505031007513,1.5282081859155654e-4,1.528208186358987e-4,1.528208186067809e-4,1.5282081872392553e-4,1.528208186419793e-4,0.9927369284199037,1.528208186029565e-4,text1062
0.9980324687309171,2.186145854612204e-4,2.1861458547409589e-4,2.186145854289648e-4,2.1861458544803844e-4,2.1861458546271344e-4,2.1861458549197327e-4,2.1861458539501963e-4,2.1861458548641123e-4,2.1861458543447084e-4,text1063
2.022260415724649e-4,0.2975593167859812,0.23616794623705759,2.022260415518756e-4,2.0222604158548585e-4,0.42329576079085995,2.0222604168377014e-4,0.04176361993659827,2.0222604153804613e-4,2.0222604157136667e-4,text1064
1.470919573912842e-4,1.470919574242564e-4,0.29356335236401726,1.4709195736577115e-4,1.4709195745701874e-4,1.470919574335525e-4,0.7052599119767833,1.470919573817157e-4,1.470919573771165e-4,1.470919573687225e-4,text1065
1.638430171919574e-4,1.6384301718636311e-4,0.9189726369565412,1.638430171559938e-4,0.07971661890594693,1.6384301721653147e-4,1.6384301721602054e-4,1.6384301721055055e-4,1.6384301716910888e-4,1.6384301716526817e-4,text1066
5.236028782268069e-4,5.23602878380402e-4,5.2360287830142e-4,0.15977866689693893,5.236028782993944e-4,0.8360325100767522,5.236028783990455e-4,5.236028783507228e-4,5.236028781677971e-4,5.236028781833803e-4,text107
3.7070198483683955e-4,3.70701984759723e-4,3.7070198471542235e-4,3.707019848686205e-4,0.08880907857170514,3.707019848521189e-4,0.413155025490608,3.7070198479342115e-4,3.7070198480067783e-4,0.49544098204406,text108
4.0175725540421474e-4,4.017572554846702e-4,4.0175725547068094e-4,0.6542820385219984,4.017572553881552e-4,0.18844506966509583,4.0175725549003986e-4,4.0175725547381136e-4,0.15446059102473064,4.017572554635351e-4,text109
1.9317512716620359e-4,1.9317512727701943e-4,1.9317512715901424e-4,0.2614277533418302,1.931751272199503e-4,1.931751272130338e-4,0.6192183443805814,1.9317512723190526e-4,0.11800167638710642,1.9317512721485914e-4,text11
4.340815624848971e-4,4.3408156281607007e-4,4.340815625382496e-4,0.18931379960872216,4.3408156268214595e-4,0.20079897738616997,0.6068486520667593,4.340815627591606e-4,4.340815624705252e-4,4.340815625974381e-4,text110
3.496788950515232e-4,3.496788950813471e-4,0.735931275429635,0.26127129340877897,3.496788953476373e-4,3.496788951975937e-4,3.49678895195519e-4,3.4967889519274135e-4,3.4967889530717776e-4,3.4967889521240846e-4,text111
3.675452369513322e-4,3.6754523713289106e-4,3.675452370001009e-4,0.058431694571613145,0.9386279435320402,3.675452371227557e-4,3.675452370934533e-4,3.6754523707469705e-4,3.675452369770064e-4,3.675452369944135e-4,text112
3.805061822613768e-4,0.12147713343050198,3.805061822731598e-4,0.6010792720853998,3.805061823458324e-4,3.8050618237564927e-4,0.27478005120776666,3.805061823819454e-4,3.8050618232277457e-4,3.8050618237081384e-4,text113
3.6754523705427995e-4,3.6754523702791557e-4,0.06244862838055918,0.7506148217331489,3.6754523697486545e-4,3.6754523708114626e-4,3.6754523710142806e-4,3.675452370818505e-4,0.18436373322679955,3.6754523717087684e-4,text114
0.02285512563029134,0.4882456076322765,4.132985092856489e-4,4.1329850925846503e-4,4.132985093639417e-4,4.1329850931445274e-4,4.132985094079122e-4,4.132985093214429e-4,4.1329850919520443e-4,0.4860061771722851,text115
3.805061823010736e-4,3.805061824648181e-4,3.8050618244663486e-4,3.80506182360938e-4,0.5355378229187631,0.11077109716934155,3.8050618243419006e-4,0.24706495383069207,3.8050618240485713e-4,0.10434308898679083,text116
3.525350111315989e-4,3.525350112536398e-4,0.7180344439069399,0.22692470027781547,3.5253501111182566e-4,3.5253501126777416e-4,3.5253501120064757e-4,0.052573110736881985,3.525350111950366e-4,3.5253501120207823e-4,text117
3.525350111117492e-4,0.22742479625599057,3.5253501108462986e-4,0.4698789900195863,0.30022846864607156,3.525350112853201e-4,3.525350111880443e-4,3.525350112705296e-4,3.525350112013874e-4,3.5253501120997534e-4,text118
3.771809981620779e-4,3.771809982796098e-4,3.771809981677913e-4,0.31907256785591864,3.7718099822883837e-4,0.6779099841581661,3.7718099825213624e-4,3.7718099831941847e-4,3.771809983553973e-4,3.771809981500219e-4,text119
2.869172860307616e-4,0.84197574378047,2.86917286158814e-4,0.1557289179309151,2.8691728606634756e-4,2.86917286090075e-4,2.869172861323876e-4,2.8691728610456027e-4,2.869172859874424e-4,2.8691728604447037e-4,text12
4.1729437173558277e-4,0.25724955343579853,4.1729437179101005e-4,4.1729437178440596e-4,4.1729437169723556e-4,4.1729437199811766e-4,0.25720195138170976,0.2920388455500468,4.172943717851933e-4,0.1910058834016534,text120
3.944146376207518e-4,0.5020870259119024,3.944146378939686e-4,3.944146378566093e-4,3.9441463792972494e-4,0.3656673532250073,3.9441463785100145e-4,0.1294847183985081,3.9441463765844086e-4,3.944146377717588e-4,text121
4.1729437185713007e-4,4.1729437177358443e-4,0.07750767420701483,0.23267459077186717,4.1729437183019177e-4,0.5133272036447588,4.1729437177832375e-4,4.172943717066838e-4,4.172943717510644e-4,0.17398676514566228,text122
3.9084306411751364e-4,3.9084306417444883e-4,3.9084306416117023e-4,0.2084489877882709,0.46242719959038403,3.9084306420442166e-4,3.9084306413473803e-4,3.908430641682308e-4,0.03060749921975489,0.2961712550166297,text123
4.3849154371564304e-4,4.3849154373040505e-4,4.384915436871203e-4,0.8728245652092304,0.12366750244049521,4.384915438445732e-4,4.3849154387493977e-4,4.3849154380686195e-4,4.3849154381481355e-4,4.384915438001318e-4,text124
3.90843063977998e-4,0.996482412423304,3.9084306397962865e-4,3.9084306424832675e-4,3.9084306409949057e-4,3.908430640487822e-4,3.908430642039241e-4,3.9084306414187653e-4,3.9084306402066934e-4,3.908430639753339e-4,text125
3.583895370943651e-4,3.5838953736394303e-4,0.057374573027219634,0.939758310675379,3.583895371650194e-4,3.583895371856313e-4,3.5838953720995846e-4,3.5838953713899217e-4,3.583895371061462e-4,3.5838953713741205e-4,text126
3.944146377570329e-4,3.944146378997383e-4,3.9441463777792075e-4,0.43715115106940144,3.944146377480683e-4,3.94414637841793e-4,0.559693531828222,3.944146377935687e-4,3.944146377054215e-4,3.944146378530584e-4,text127
3.739134271408348e-4,3.7391342738113056e-4,3.739134272217215e-4,0.9966347791550249,3.7391342720095855e-4,3.7391342716393814e-4,3.7391342723000904e-4,3.7391342729714506e-4,3.7391342715244804e-4,3.7391342718704927e-4,text128
4.0175725539656824e-4,0.6904312470658382,4.0175725548479e-4,4.0175725544350785e-4,4.0175725549434897e-4,0.3063546948904457,4.017572555446925e-4,4.0175725557897566e-4,4.0175725538348664e-4,4.017572553897208e-4,text129
4.384915436625877e-4,0.24164806182584528,4.384915438331061e-4,0.37155890077246206,4.384915437798211e-4,0.38372359659506944,4.3849154394175844e-4,4.384915439084284e-4,4.384915436961594e-4,4.3849154380133193e-4,text13
3.7391342710527614e-4,3.7391342744558313e-4,3.7391342720754595e-4,3.7391342724002496e-4,0.7971929880269953,0.19981570455522174,3.739134273072046e-4,3.7391342723305684e-4,3.739134271370676e-4,3.73913427107212e-4,text130
3.908430640833848e-4,3.9084306433696125e-4,3.908430641546087e-4,0.07617120940345334,3.908430641059766e-4,3.908430642430587e-4,0.9207020460833036,3.908430641003211e-4,3.9084306408191223e-4,3.9084306413671795e-4,text131
3.58389537126956e-4,3.5838953726785843e-4,3.583895371483405e-4,3.583895374997406e-4,0.2061899285237099,0.49949696882014516,3.583895372228998e-4,3.5838953722900057e-4,3.583895371791976e-4,0.291804375895471,text132
3.583895372532384e-4,0.7785759287820041,3.5838953712413784e-4,0.17283308657135973,0.046082257886528144,3.583895371078342e-4,3.58389537248929e-4,3.5838953720077597e-4,3.5838953710009864e-4,3.5838953707297895e-4,text133
3.6444179843487905e-4,3.6444179858732655e-4,3.6444179842891756e-4,3.64441798794641e-4,0.7776230618507761,3.6444179845304507e-4,0.10746273082229661,3.644417985712218e-4,3.6444179836011653e-4,0.1123631147372971,text134
3.5838953715370555e-4,3.5838953720542877e-4,3.583895371445016e-4,0.24562094949557356,3.583895372279107e-4,3.583895372208563e-4,3.583895372211881e-4,3.583895373085004e-4,3.583895372577195e-4,0.7515119342066866,text135
3.805061822398911e-4,3.8050618251864746e-4,3.805061823213204e-4,0.8992075125708224,0.09774843797073864,3.805061822164679e-4,3.805061822952572e-4,3.8050618235488794e-4,3.805061821915102e-4,3.8050618230087114e-4,text136
3.7391342723441307e-4,3.739134272903965e-4,0.04629974071587888,0.8891762778678763,3.7391342716835865e-4,3.7391342711221384e-4,3.7391342733760163e-4,3.7391342724096447e-4,0.06190658742575243,3.739134271084237e-4,text137
0.02530810848179768,4.0553204803559986e-4,4.0553204790705165e-4,4.055320483305147e-4,0.2742369378482415,4.0553204792904767e-4,0.6976162293338946,4.0553204800102807e-4,4.055320479657673e-4,4.0553204789730196e-4,text138
4.132985091703638e-4,4.132985094991181e-4,4.1329850923829534e-4,0.8927010046948113,4.1329850926329125e-4,0.10399260723092671,4.1329850940648275e-4,4.1329850925099444e-4,4.13298509230113e-4,4.132985092033959e-4,text139
5.958921516452878e-4,5.958921519577437e-4,5.958921518187115e-4,0.07194108626069062,5.958921517038248e-4,5.958921519458569e-4,5.958921518051122e-4,0.9232917765248898,5.958921516925193e-4,5.958921518505456e-4,text14
3.7391342716573293e-4,0.5195601730677872,0.17342237629798463,3.739134275733998e-4,3.73913427236749e-4,0.3044000566431703,3.7391342723862146e-4,3.7391342735712877e-4,3.7391342716406396e-4,3.739134273220624e-4,text140
4.772825392395017e-4,0.3184421027961634,4.772825391382916e-4,4.7728253924128096e-4,0.6777396368895414,4.772825392539667e-4,4.7728253959315286e-4,4.772825395131463e-4,4.7728253918771085e-4,4.7728253912813644e-4,text141
3.838905166464815e-4,0.12406785657021999,3.8389051677988387e-4,0.2739172621996814,0.19303262864486312,3.83890516782728e-4,0.21718915262666594,0.18987364737506326,3.838905166835913e-4,3.838905166137224e-4,text142
3.441032848622671e-4,3.441032849800469e-4,3.441032849263227e-4,0.6845158848491043,3.4410328499879877e-4,3.4410328489065264e-4,0.31273128887150625,3.441032849562066e-4,3.441032848906602e-4,3.4410328488459113e-4,text143
4.0937844678470354e-4,4.0937844695099543e-4,4.0937844676723617e-4,0.9010331764116103,4.093784469378135e-4,0.09569179601335337,4.0937844692544463e-4,4.0937844699813264e-4,4.0937844676111466e-4,4.093784469108297e-4,text144
3.334689962882784e-4,3.334689962803115e-4,3.334689963069572e-4,0.5176667589870633,3.334689961647378e-4,0.2733903207047028,3.334689961753338e-4,3.3346899625882133e-4,3.334689963692219e-4,0.20660863733439025,text145
4.1729437174060425e-4,4.1729437180470526e-4,4.1729437180779063e-4,0.9962443506541656,4.172943717167869e-4,4.172943716625731e-4,4.1729437177821425e-4,4.1729437169827916e-4,4.172943717989216e-4,4.1729437182649767e-4,text146
3.5543816785304014e-4,3.5543816803899995e-4,3.554381678717952e-4,0.24460850794305777,3.5543816803046055e-4,3.5543816796367733e-4,3.5543816801551157e-4,3.5543816792070465e-4,3.5543816789173824e-4,0.7525479867133563,text147
3.441032848457915e-4,3.441032849021893e-4,3.4410328481947276e-4,0.33128665692069653,3.441032848630008e-4,0.6659605168003452,3.4410328490508694e-4,3.441032848491202e-4,3.441032848652533e-4,3.4410328490831255e-4,text148
3.9441463767594985e-4,0.2783610385002898,3.9441463764043036e-4,0.7184836443979034,3.9441463763985216e-4,3.944146379120498e-4,3.9441463769032974e-4,3.944146376829388e-4,3.944146377289228e-4,3.944146378363954e-4,text149
4.826193829466665e-4,0.14826229800473792,4.826193828783908e-4,4.826193829225685e-4,4.826193830862584e-4,4.826193830315457e-4,4.826193829822498e-4,4.8261938320215246e-4,0.8478767469312697,4.826193829425635e-4,text15
3.2591485608035126e-4,3.2591485607076133e-4,3.259148561404509e-4,0.33761527863052937,3.259148560383406e-4,0.39737102203540564,3.2591485603006406e-4,3.2591485601109774e-4,3.259148560644937e-4,0.26273229534162945,text150
3.3870268972898977e-4,3.3870268967728785e-4,3.3870268972722946e-4,0.1115383159963369,3.3870268967623065e-4,0.4123369964930322,3.387026897308302e-4,3.38702689693643e-4,3.387026897557699e-4,0.47375376868264096,text151
3.8389051662449884e-4,3.8389051675448405e-4,3.8389051664903395e-4,0.18622106487268367,3.8389051670036675e-4,3.8389051689800217e-4,3.8389051678943976e-4,3.838905167604808e-4,3.8389051657884693e-4,0.8107078109935613,text152
3.309123385184228e-4,3.309123386929014e-4,0.0630746284719622,3.309123386367832e-4,3.3091233858477165e-4,3.309123385151086e-4,3.309123385127049e-4,0.9342780728193547,3.3091233853736035e-4,3.309123386849525e-4,text153
3.496788950714267e-4,0.6488495053738206,3.496788951352087e-4,3.496788952650738e-4,0.11773920924522349,0.23096353311495071,3.4967889511782965e-4,3.4967889518758326e-4,3.4967889508811086e-4,3.4967889514005206e-4,text154
3.7391342721971015e-4,0.3348138977918315,3.739134272960313e-4,0.6045216626647805,3.739134274244046e-4,3.7391342726242593e-4,3.739134271658725e-4,3.739134273440036e-4,0.05804704555235692,3.739134273186101e-4,text155
3.5838953735922274e-4,3.583895371078175e-4,0.07541660448340676,0.07122672462527743,3.5838953714915456e-4,0.8508479441309614,3.5838953714211223e-4,3.583895370682103e-4,3.5838953725553593e-4,3.58389537272271e-4,text156
0.3653610613636975,3.1869538535920274e-4,3.1869538533470313e-4,0.5740212158691458,3.186953853940924e-4,3.186953854307979e-4,3.186953854349745e-4,3.1869538536797925e-4,3.1869538536310647e-4,0.058386855069471784,text157
3.3870268960655916e-4,0.16277340991915262,3.3870268955666537e-4,0.31182451272906153,3.3870268965385586e-4,3.3870268967185524e-4,3.3870268960920326e-4,3.387026896894136e-4,3.3870268962424174e-4,0.5230311585243741,text158
3.4138162945106704e-4,3.4138162961368246e-4,3.4138162948128755e-4,3.413816298638971e-4,3.4138162952499873e-4,0.4291545565084248,3.413816295607075e-4,3.413816295662666e-4,3.413816294359653e-4,0.5681143904550773,text159
3.0091992417126986e-4,0.3679342005412605,3.009199242001168e-4,0.04901834296770001,3.0091992425694997e-4,0.5809410170211372,3.00919924312477e-4,3.009199243415425e-4,3.0091992430527926e-4,3.0091992431462145e-4,text16
3.1869538532157903e-4,3.1869538533527174e-4,3.186953852780227e-4,0.19125568470232035,3.186953853343789e-4,0.2871963256569128,0.37549442420120716,3.186953853602212e-4,3.1869538529961277e-4,0.14414139312763072,text160
3.5838953714233655e-4,3.5838953710802795e-4,3.5838953718912746e-4,0.44831252856703147,3.5838953730814164e-4,0.24550220573691875,3.5838953723899247e-4,0.11079082463320764,3.583895370871289e-4,0.19324410383976845,text161
3.5253501115963123e-4,3.525350111661113e-4,3.525350111597118e-4,0.5727648478700851,3.5253501119273653e-4,0.4244148720405572,3.525350111636462e-4,3.5253501125424776e-4,3.525350111552443e-4,3.525350111063719e-4,text162
3.739134270507409e-4,0.03365211192917992,3.739134272000292e-4,0.9633565806536319,3.7391342723405203e-4,3.7391342706373856e-4,3.7391342718816063e-4,3.739134272167103e-4,3.7391342707857067e-4,3.739134271561248e-4,text163
3.3606546750883273e-4,0.1661309523448464,3.360654675825727e-4,0.8311805239141731,3.3606546775730547e-4,3.3606546767652015e-4,3.3606546767745425e-4,3.360654676354324e-4,3.3606546756806725e-4,3.36065467574284e-4,text164
3.525350112013994e-4,0.28458131324243285,3.525350111612891e-4,0.2515667933597992,0.3968098999258604,3.5253501115618596e-4,3.525350111285237e-4,3.525350111281433e-4,3.5253501114976087e-4,0.06492678340498222,text165
3.309123385985955e-4,3.309123386802552e-4,3.309123386440922e-4,0.048806969112790075,3.3091233860119097e-4,3.309123386675213e-4,3.309123385905603e-4,0.5626278604019443,3.309123386432575e-4,0.3862487841148401,text166
3.2347229497605866e-4,3.234722950435376e-4,3.234722950664468e-4,0.9970887493447269,3.2347229505874425e-4,3.234722951072356e-4,3.2347229498189795e-4,3.234722950255864e-4,3.2347229495198644e-4,3.234722950617117e-4,text167
3.2106607309650206e-4,3.210660733189339e-4,3.2106607314356955e-4,0.5022678009729022,3.210660733422734e-4,0.49516367044147713,3.210660732212468e-4,3.2106607315611144e-4,3.210660731655209e-4,3.2106607317643264e-4,text168
3.525350113318888e-4,0.7406225100145084,3.525350110913535e-4,3.5253501141443863e-4,3.525350112621292e-4,0.09800219312620723,3.5253501113356104e-4,0.1589075517806299,3.525350112541656e-4,3.5253501116682697e-4,text169
4.570654735993379e-4,4.5706547370171776e-4,4.570654736283253e-4,4.5706547348508414e-4,4.570654737320032e-4,4.5706547364979033e-4,4.570654735947744e-4,0.3073622097844874,4.570654735708167e-4,0.6889812664265507,text17
3.05175265950648e-4,3.051752660038135e-4,3.0517526601051925e-4,0.03037508650533601,0.6759150549248253,0.17450306471006313,0.11737574226388957,3.0517526595894164e-4,3.051752659805761e-4,3.05175265981432e-4,text170
3.0955268445805343e-4,3.095526846148395e-4,3.0955268446116363e-4,0.1311010810775897,0.3106481298715933,0.4509882924915346,0.10540518045216724,3.095526845098031e-4,3.0955268456833295e-4,3.0955268450292666e-4,text171
0.045239506392345794,2.8315274829539066e-4,2.831527483099691e-4,2.8315274880079297e-4,2.831527483058547e-4,0.385033607026384,2.8315274830871003e-4,2.831527484042413e-4,2.831527482718453e-4,0.5677448173425734,text172
3.073483896169487e-4,0.44332612418695266,0.0776621050355374,0.05978708611761953,0.34364756001594704,0.07404038269572778,3.0734838967628965e-4,3.073483896499126e-4,3.073483896165532e-4,3.073483896559047e-4,text173
2.967816229053339e-4,2.9678162290366883e-4,2.9678162284709197e-4,0.3391006976536663,2.96781623020887e-4,2.9678162282176864e-4,2.967816228172157e-4,2.967816229954747e-4,0.5440562405167956,0.11476559046922659,text174
2.9275559866785055e-4,0.2916442618641012,2.9275559871407426e-4,0.14563814538750453,2.927555987316544e-4,0.560668303557376,2.927555987720256e-4,2.927555987317018e-4,2.9275559869757997e-4,2.9275559870346567e-4,text175
3.360654675302536e-4,3.3606546766917897e-4,3.360654675475465e-4,3.3606546780627937e-4,3.3606546761755934e-4,3.360654676018167e-4,3.36065467592928e-4,0.9969754107912605,3.360654675780221e-4,3.3606546779601685e-4,text176
0.04335031137086396,0.19450156132092006,2.927555986731793e-4,0.7600988381171246,2.927555986802682e-4,2.92755598834013e-4,2.9275559878564326e-4,2.9275559872905994e-4,2.9275559866731436e-4,2.927555987218441e-4,text177
2.9078327218836595e-4,0.6285530378540478,2.9078327217492645e-4,0.2858416416105774,2.90783272209105e-4,2.907832722942651e-4,2.90783272299221e-4,2.907832722325192e-4,2.9078327219052264e-4,0.08356983762978597,text178
0.1744200883981842,3.413816295600097e-4,3.4138162953486654e-4,3.41381629778933e-4,0.32840949919481227,0.028493656123156602,3.4138162966648044e-4,3.413816295298045e-4,0.4666284665061229,3.413816296539492e-4,text179
4.172943716059205e-4,0.3550087380612169,4.1729437162428144e-4,4.1729437207445563e-4,4.172943717766729e-4,4.1729437171734833e-4,4.1729437185771944e-4,0.641652906964885,4.17294371631116e-4,4.1729437161061264e-4,text18
2.8883734349548944e-4,2.8883734356097943e-4,2.8883734350134863e-4,0.3087897656978653,2.8883734350277566e-4,2.888373434612462e-4,2.888373434633143e-4,2.888373435439558e-4,2.8883734355623236e-4,0.6888995355540493,text180
3.030326569161731e-4,3.0303265700582914e-4,0.6493976425703153,0.08178613176203431,0.2666949970689233,3.030326570107874e-4,3.0303265703440096e-4,3.0303265691408634e-4,3.0303265687290504e-4,3.0303265697283915e-4,text181
2.927555986651762e-4,2.9275559884196713e-4,2.9275559869245706e-4,0.12725482390289464,0.12203176469230076,2.9275559867752255e-4,2.9275559872570276e-4,2.927555988196624e-4,2.9275559867828914e-4,0.7486641222137037,text182
3.073483897054649e-4,3.073483896321418e-4,3.0734838962200186e-4,0.36086172965579383,0.047830112737232706,0.06632109869383658,3.0734838970562014e-4,0.5231429685752111,3.073483896023655e-4,3.073483896581916e-4,text183
2.9475486377284095e-4,2.947548637516797e-4,2.947548637449022e-4,0.12047223894500442,2.947548637476524e-4,0.24274097219299395,0.0939426870524977,0.2032974993634859,0.18442516320145316,0.15394241978954784,text184
2.640947450105814e-4,2.640947450727165e-4,2.6409474498136835e-4,0.08548917910380362,2.6409474510821946e-4,0.9123980629358227,2.6409474507987934e-4,2.640947450437336e-4,2.6409474503190166e-4,2.640947450451677e-4,text185
2.532477949111962e-4,2.532477949936668e-4,2.5324779491375923e-4,0.5738849875702033,0.00025324779504545814,2.5324779493645093e-4,0.42408903007013077,2.5324779501774544e-4,2.5324779492020606e-4,2.53247794927301e-4,text186
3.739134272227421e-4,0.36607579851244,0.42358085588501854,0.05145270750163168,3.7391342722626307e-4,0.031192377669280857,3.739134271812937e-4,0.12582869329552782,3.7391342721507703e-4,3.7391342725573483e-4,text187
2.7072065160049086e-4,2.7072065162105546e-4,0.3837656416638017,0.22145213076142176,2.707206516858707e-4,2.7072065167077833e-4,2.7072065163037266e-4,0.3928871830133453,2.7072065157242634e-4,2.707206516502471e-4,text188
2.850225873079183e-4,2.85022587330176e-4,2.850225873692214e-4,2.850225876027445e-4,0.04159397290731113,2.8502258723962185e-4,2.850225874043308e-4,2.850225873467685e-4,2.850225872479167e-4,0.9561258463938401,text189
3.7718099806900235e-4,3.771809982227172e-4,3.7718099813384225e-4,3.771809982169975e-4,0.9966053710165707,3.771809981651674e-4,3.771809981944064e-4,3.7718099826590783e-4,3.7718099809184167e-4,3.771809980694854e-4,text19
3.644417983792278e-4,0.01929222305814038,3.644417984918359e-4,3.64441798393968e-4,0.8959740763589632,3.6444179857564297e-4,3.6444179856740325e-4,3.64441798528582e-4,0.08218260799353663,3.644417984230497e-4,text190
3.140575094608758e-4,3.140575095753094e-4,0.32297424727192975,0.10271473359784863,3.1405750945768244e-4,0.5721126165637591,3.140575094449429e-4,3.1405750954688425e-4,3.1405750944016455e-4,3.140575095366304e-4,text191
2.869172860882335e-4,2.86917286126554e-4,2.869172861200411e-4,2.8691728619048643e-4,0.68356517475891,2.8691728614008643e-4,0.3141394869519887,2.869172861506733e-4,2.869172861040053e-4,2.86917286181364e-4,text192
3.140575093442687e-4,3.1405750940681677e-4,3.1405750941989257e-4,0.2635059838662438,3.1405750939956026e-4,3.140575094277774e-4,3.140575094325669e-4,3.140575093787843e-4,3.140575093701521e-4,0.7339815560585764,text193
2.888373434586511e-4,2.88837343550166e-4,2.888373434508898e-4,2.888373434906989e-4,2.888373435349446e-4,0.9974004639084016,2.8883734357906197e-4,2.888373435655202e-4,2.8883734346852496e-4,2.888373434999068e-4,text194
2.690331995523753e-4,2.6903319953586955e-4,2.6903319955316854e-4,0.03941877028159015,2.6903319965113423e-4,2.690331996240035e-4,2.690331995284405e-4,2.6903319954029424e-4,0.5357080705274239,0.4229899267940007,text195
3.030326568848786e-4,3.0303265693214346e-4,3.0303265709637445e-4,0.22665475793086903,0.1523920537289111,0.6188319597415824,3.0303265703149915e-4,3.0303265692690497e-4,3.030326569051945e-4,3.0303265686048474e-4,text196
3.4138162943961754e-4,0.7476817190895576,3.4138162945846997e-4,3.413816295150876e-4,0.22034473806056384,3.413816295505294e-4,3.41381629527835e-4,0.02958387144329737,3.4138162960820447e-4,3.413816294815049e-4,text197
2.7768759077770924e-4,2.776875908703741e-4,2.7768759081514804e-4,0.9975008116826908,2.776875908327163e-4,2.7768759077827237e-4,2.7768759084055767e-4,2.776875908129135e-4,2.7768759078885305e-4,2.776875907925818e-4,text198
2.988364473437477e-4,0.09067289457109952,0.01851026966042783,0.8887249806365186,2.988364473482767e-4,2.988364474241026e-4,2.988364474428278e-4,2.9883644753285845e-4,2.988364473968562e-4,2.988364474654371e-4,text199
5.236028780513069e-4,0.4019568486235326,5.23602878148265e-4,5.236028787762684e-4,5.23602878287231e-4,5.236028782197584e-4,5.236028782930872e-4,0.5938543283503885,5.236028781129151e-4,5.236028781900923e-4,text2
2.907832722081871e-4,0.32833732219078515,2.907832722957424e-4,0.6693364116308866,2.90783272298243e-4,2.9078327234111686e-4,2.907832722936029e-4,2.907832723297022e-4,2.907832722460992e-4,2.907832723154395e-4,text20
2.7768759085430416e-4,2.7768759085950476e-4,0.09745241966294953,0.10407567111297883,2.776875908757846e-4,2.7768759089337236e-4,0.1164597483599031,2.776875908398451e-4,2.776875908652989e-4,0.6803460353189805,text200
3.1178882601085256e-4,0.22642743997335257,3.117888261135701e-4,0.18273212471313235,0.00031178882602072786,0.28566755632109353,3.11788826169902e-4,3.117888261082609e-4,3.1178882603307226e-4,0.30330214603596517,text201
2.8691728601374527e-4,2.869172859844959e-4,0.00028691728601843276,2.8691728626659813e-4,0.8200991459245095,2.869172862265986e-4,0.17760551578690048,2.869172860569699e-4,2.869172859945463e-4,2.8691728602855433e-4,text202
