topic1,topic2,topic3,topic4,topic5,topic6,topic7,topic8,doc_id
5.350804790976489e-4,0.7319757918752441,0.057982167133019104,5.350804793232228e-4,5.350804784711363e-4,5.350804795639315e-4,0.20736663859623902,5.350804790417778e-4,text1
3.8715639786977087e-4,3.8715639842018843e-4,3.871563987131102e-4,0.5895569636066474,0.09533193291990637,0.3131753214815211,3.871563985043509e-4,3.87156398417693e-4,text10
4.897201247642777e-4,4.897201245002993e-4,0.6231836051900899,0.3738780740627188,4.897201240287342e-4,4.897201254501914e-4,4.897201240052049e-4,4.897201244426433e-4,text100
0.803166768096762,4.470820949898211e-4,4.470820950690317e-4,0.19415073933190777,4.470820947293559e-4,4.470820953444002e-4,4.470820950096856e-4,4.470820961878848e-4,text1000
0.29154257809342665,0.4358013634806047,4.1496693321154993e-4,0.09033284863158376,4.14966930403562e-4,4.1496693076080774e-4,0.10826284099838758,0.07281546800162138,text1001
3.6001286576249576e-4,0.9974799099386619,3.600128658857009e-4,3.600128661762839e-4,3.600128656346358e-4,3.600128661576449e-4,3.600128658502831e-4,3.6001286587117196e-4,text1002
3.9713725284011467e-4,3.9713725283697796e-4,0.03670414830306107,0.510023290416165,0.2252582735880256,3.9713725220565284e-4,3.971372524984502e-4,0.22642573868236707,text1003
4.2255526446343165e-4,0.7022717234277834,0.10010714297139868,0.19550835727992785,4.2255526411729945e-4,4.225552637765608e-4,4.2255526420300954e-4,4.2255526432971753e-4,text1004
0.16424763447395815,0.20218152595790553,2.3534560506676465e-4,0.1479047004957071,0.4847247566523113,2.3534560502390576e-4,2.3534560502974926e-4,2.3534560499753374e-4,text1005
3.439372411794894e-4,0.36900700502067674,3.439372409387665e-4,0.22898682268664236,0.4002864860878133,3.439372414517439e-4,3.439372406707028e-4,3.439372406268372e-4,text1006
3.2011387671554653e-4,3.2011387655604727e-4,3.2011387611098456e-4,0.6832161320979208,3.20113876509057e-4,3.201138760945236e-4,0.31486318464374746,3.2011387634572013e-4,text1007
0.7353552173700958,0.21687365761750937,2.1659470022931078e-4,2.1659469994265323e-4,2.1659470031380894e-4,2.16594700248917e-4,0.04668815151151501,2.1659470014514834e-4,text1008
0.13074799520211883,0.7548439615916676,2.95547952773038e-4,2.955479528616454e-4,2.9554795319770903e-4,0.11293030344122924,2.9554795278917526e-4,2.955479533627858e-4,text1009
4.304262964646475e-4,4.304262962473231e-4,0.9969870159257967,4.304262959201828e-4,4.304262963297758e-4,4.30426296588221e-4,4.3042629583384584e-4,4.304262968193174e-4,text101
5.057994168422172e-4,5.057994168343852e-4,5.05799416539407e-4,0.9964594040832211,5.057994165871153e-4,5.057994175261885e-4,5.057994162320165e-4,5.057994162175825e-4,text1010
3.9375360971487207e-4,0.21381708406167546,3.937536091536672e-4,0.2531223841146339,0.5310917637774356,3.937536092682343e-4,3.937536091962683e-4,3.937536089219676e-4,text1011
0.13102702000306968,5.229704377563093e-4,5.229704373215216e-4,0.7634805279753822,5.229704369071278e-4,0.10287759983534762,5.229704366989917e-4,5.22970437516507e-4,text1012
4.427984563725166e-4,4.4279845725338956e-4,4.427984561080127e-4,4.427984562238425e-4,0.9969004108039081,4.427984559486799e-4,4.427984572142147e-4,4.4279845697121315e-4,text1013
0.22364665954988877,5.057994181010973e-4,5.057994166939573e-4,5.057994169992435e-4,0.08476927214544312,0.6890550712189951,5.057994170402177e-4,5.057994168385093e-4,text1014
4.005795526667447e-4,0.1214520976310241,0.4821182398141032,4.0057955260489986e-4,4.0057955307001055e-4,0.39442676479016875,4.0057955333955996e-4,4.005795530227463e-4,text1015
0.4343220707300366,3.9375360877731377e-4,3.9375360858275575e-4,0.03915551221227984,3.93753608515257e-4,3.937536092665266e-4,0.5245536490132788,3.937536092629162e-4,text1016
0.19442288228163046,2.86390474658519e-4,2.863904740416347e-4,0.8038587748721561,2.8639047418753085e-4,2.863904745233154e-4,2.8639047462467184e-4,2.863904741776703e-4,text1017
3.2690699774130664e-4,0.22047246964512632,0.024860396733659817,0.7530325986336246,3.2690699752923534e-4,3.269069972159356e-4,3.269069976725297e-4,3.26906997430129e-4,text1018
2.8639047465795864e-4,0.6505293174757854,2.863904739159987e-4,0.3106200284645296,2.863904738791722e-4,2.8639047456170707e-4,2.863904741018048e-4,0.03741870168856837,text1019
4.7955676286435807e-4,4.795567629198228e-4,4.795567635702461e-4,4.795567629282005e-4,4.7955676278122757e-4,0.9966431026596742,4.7955676260052793e-4,4.7955676266144703e-4,text102
3.439372413284809e-4,0.5638478760393115,3.4393724094612573e-4,3.4393724098698584e-4,3.439372410281305e-4,0.31926147611009725,3.439372414049209e-4,0.11517096164489665,text1020
0.1359234391063337,0.5903161525462102,3.033066585277546e-4,3.0330665872055617e-4,3.033066586501201e-4,3.033066588814476e-4,0.2722438750535678,3.033066591084937e-4,text1021
3.2923589762257424e-4,0.11061427234987371,3.2923589694893905e-4,0.8874103122665488,3.2923589708755576e-4,3.292358973692062e-4,3.292358972433997e-4,3.292358973058452e-4,text1022
2.7126152830971283e-4,0.7315541212120107,2.712615282384406e-4,2.7126152851750446e-4,2.712615278443271e-4,0.2668183096191105,2.7126152786670956e-4,2.7126152810214645e-4,text1023
0.34093940325062455,2.4404509112050242e-4,2.4404509102803214e-4,2.4404509112184184e-4,2.4404509068768287e-4,0.20416046344253816,0.4536799078517804,2.440450910987796e-4,text1024
2.4404509097447277e-4,0.39361505387787954,2.4404509064082915e-4,2.4404509092699434e-4,0.604920675576759,2.4404509072405237e-4,2.440450909755592e-4,2.440450911194941e-4,text1025
0.30901710887991146,2.761237256545788e-4,2.761237255497467e-4,2.761237256573648e-4,0.07168078598443384,0.08750135118298343,0.5306962590499473,2.761237258622758e-4,text1026
0.27850509063385753,0.36721505548299105,2.696786260890469e-4,2.6967862565450447e-4,0.05802908604889224,2.696786256531024e-4,0.2951720533306769,2.696786261855434e-4,text1027
3.1148370912973896e-4,3.114837097893129e-4,3.11483709097916e-4,0.8869527892063166,3.114837089775877e-4,3.114837088730374e-4,3.114837092950481e-4,0.11117830853852063,text1028
0.998196444450202,2.576507928987194e-4,2.576507928736439e-4,2.576507926812407e-4,2.576507929868945e-4,2.576507927640855e-4,2.5765079273385214e-4,2.5765079285970877e-4,text1029
4.2255526353442055e-4,4.225552640295315e-4,0.9970421131533627,4.225552642298608e-4,4.225552634142297e-4,4.2255526402040864e-4,4.2255526350787825e-4,4.2255526390095824e-4,text103
2.493112177538332e-4,0.9676447515723744,2.493112173182519e-4,2.49311217484358e-4,0.0308593811223653,2.493112173829297e-4,2.493112173829224e-4,2.4931121793799106e-4,text1030
4.2255526416567287e-4,0.15298981564595895,0.08102534222513406,4.225552644545053e-4,4.2255526453628884e-4,4.225552639260592e-4,0.7638720658071938,4.2255526463058624e-4,text1031
4.559029161154169e-4,0.9968086795856624,4.5590291570252954e-4,4.559029166960174e-4,4.559029166399043e-4,4.5590291641787155e-4,4.5590291667520276e-4,4.5590291609055807e-4,text1032
4.3859612589974324e-4,0.4896746915032149,4.3859612541831254e-4,0.27198119759089817,4.3859612563373505e-4,4.3859612612149647e-4,0.23615113027688095,4.385961259327394e-4,text1033
4.897201243585961e-4,0.856685441615051,4.897201249794312e-4,0.0445708435740938,4.897201245675098e-4,4.897201244884626e-4,4.897201247877132e-4,0.09629511418767342,text1034
0.9962973069161996,5.289561550703352e-4,5.289561543853885e-4,5.289561550477215e-4,5.289561543437133e-4,5.289561551683795e-4,5.28956154728254e-4,5.289561550566508e-4,text1035
0.21050930902000559,4.514494225445819e-4,4.514494216101099e-4,4.5144942251038614e-4,4.514494222990502e-4,0.37970995490636894,4.5144942223929017e-4,0.4075234889624221,text1036
4.2255526353885396e-4,0.9970421131551984,4.2255526333310773e-4,4.22555263739574e-4,4.225552631516364e-4,4.2255526364298653e-4,4.225552635206044e-4,4.225552638748622e-4,text1037
0.3232271910557084,0.6740101380308137,4.6044515222545736e-4,4.604451521198514e-4,4.6044515207871315e-4,4.6044515204254693e-4,4.604451523989468e-4,4.604451526124187e-4,text1038
2.5909526896343636e-4,2.5909526920340706e-4,0.9981863331176225,2.5909526897663793e-4,2.590952688878365e-4,2.5909526867008194e-4,2.59095269012818e-4,2.5909526866338514e-4,text1039
4.746316517212843e-4,4.7463165204609473e-4,0.7490083584723197,4.746316523608854e-4,4.746316511532565e-4,0.24814385161700403,4.746316518806552e-4,4.746316515139907e-4,text104
0.9968086795867367,4.559029161019069e-4,4.5590291586336014e-4,4.5590291650608896e-4,4.5590291559533935e-4,4.559029168359394e-4,4.5590291580003195e-4,4.5590291656066824e-4,text1040
2.0148583910240082e-4,2.0148583924817993e-4,0.29761402337711473,2.0148583869465355e-4,2.0148583883164138e-4,2.014858388687097e-4,0.7011770615892781,2.0148583886156894e-4,text1041
0.6361670779990138,2.9554795288903055e-4,2.9554795299014145e-4,2.955479530749069e-4,0.24266072867163607,2.9554795352316956e-4,0.11969445356392779,2.955479529450021e-4,text1042
0.9979311643305708,2.9554795269649484e-4,2.9554795337250156e-4,2.9554795273938365e-4,2.9554795242659826e-4,2.955479529998745e-4,2.9554795259542583e-4,2.955479525988074e-4,text1043
3.053104064791952e-4,0.2197381874398005,3.0531040555420924e-4,3.0531040557507124e-4,0.7784299501254941,3.0531040553107084e-4,3.0531040577200583e-4,3.0531040579385483e-4,text1044
0.2941001588735672,3.269069974795388e-4,3.2690699753148457e-4,3.2690699776619716e-4,0.5855302318571335,0.11873507428092353,3.269069976645026e-4,3.269069979341611e-4,text1045
0.09163230737897474,0.31783104460454026,0.3660940095074674,0.22312569491951953,3.292358971096322e-4,3.292358976756141e-4,3.2923589746417913e-4,3.292358972486851e-4,text1046
0.9976450177301757,3.3642603886923636e-4,3.364260383064464e-4,3.3642603859368486e-4,3.3642603824751867e-4,3.364260386803253e-4,3.36426038503279e-4,3.364260386239048e-4,text1047
3.0734080428237607e-4,0.8873381496634996,0.11081780551091644,3.0734080452259803e-4,3.073408039034477e-4,3.0734080431475794e-4,3.0734080416413054e-4,3.0734080439676824e-4,text1048
3.4139651592543307e-4,3.4139651610012796e-4,3.413965153672212e-4,3.413965159934483e-4,3.4139651559837394e-4,3.413965160488592e-4,0.8018549149344523,0.19609670597051426,text1049
4.427984574832166e-4,4.4279845716424694e-4,0.15339528981692047,0.8439479194401669,4.427984568115503e-4,0.00044279845704830773,4.427984576711198e-4,4.427984567342494e-4,text105
3.1573983174503444e-4,3.157398317144696e-4,0.1653129866594374,0.8327925743514696,3.157398316586059e-4,3.157398312844296e-4,3.1573983140647973e-4,3.1573983128399096e-4,text1050
2.955479533029935e-4,2.9554795312246714e-4,2.9554795305642686e-4,2.9554795298812717e-4,0.07112878313861322,2.955479529564957e-4,0.6936771996454987,0.23371627745046158,text1051
0.9973777742584325,3.746036774297362e-4,3.746036781513204e-4,3.746036772892428e-4,3.7460367680231633e-4,3.7460367720297565e-4,3.7460367739988005e-4,3.7460367729192767e-4,text1052
3.5448991418228157e-4,0.8520581714042712,3.5448991344529476e-4,0.1458148891131126,3.544899136445547e-4,3.5448991356803094e-4,3.5448991413948285e-4,3.544899136364476e-4,text1053
0.15478343744123982,3.073408040782152e-4,3.073408053731071e-4,3.073408039759376e-4,3.073408038654268e-4,3.07340803823286e-4,3.0734080389753423e-4,0.8433725177337467,text1054
4.304262957570062e-4,4.3042629669279205e-4,4.304262956115434e-4,4.304262963007636e-4,4.3042629578540374e-4,4.3042629593788696e-4,0.996987015928029,4.304262958856187e-4,text1055
3.746036778365758e-4,3.746036780808345e-4,3.7460367718544237e-4,3.7460367792824137e-4,0.3513681796987012,0.4775588343980371,0.1691999675146304,3.746036776001963e-4,text1056
4.005795535625858e-4,4.005795530600296e-4,4.005795523242393e-4,0.9971959431296306,4.005795521897456e-4,4.0057955345210503e-4,4.005795527520461e-4,4.0057955302873736e-4,text1057
3.491338560257573e-4,0.6865149911297869,3.4913385627205224e-4,3.491338562725084e-4,3.491338561649376e-4,0.1331623085385302,0.17857703105037218,3.4913385657546595e-4,text1058
4.795567633125233e-4,4.7955676339113293e-4,4.795567637550604e-4,4.795567634716992e-4,4.795567630987205e-4,4.795567632570246e-4,0.9966431026560912,4.795567636225011e-4,text1059
4.1872672082900474e-4,4.187267204619307e-4,0.10862164882598295,0.7730504504578244,4.1872672013360294e-4,0.11623426711359813,4.187267203252696e-4,4.187267208447494e-4,text106
3.8715639832456435e-4,0.690415336074976,3.8715639792943516e-4,3.871563976792647e-4,3.871563980510734e-4,3.871563982263246e-4,3.871563978746971e-4,0.30726172553693876,text1060
4.304262966885369e-4,0.28865932904589175,4.304262960427194e-4,0.06527168630749208,4.304262960064131e-4,4.3042629657851097e-4,0.6439168531642913,4.304262970088027e-4,text1061
4.0764633589564155e-4,0.14216129684007434,0.07216395752168622,4.07646335534667e-4,4.076463352648336e-4,0.1359682857297389,4.076463349894579e-4,0.6480758745668159,text1062
3.7460367734753916e-4,3.746036781105851e-4,0.06248672811312021,0.19897991110615743,3.746036772910136e-4,3.7460367767722216e-4,3.746036780665312e-4,0.7366603423922294,text1063
0.8051566629322164,3.937536085387036e-4,0.1924808154143003,3.937536091831069e-4,3.93753608582425e-4,3.9375360940666277e-4,3.937536092828997e-4,3.93753608489496e-4,text1064
0.8113814047773523,3.937536092372813e-4,3.9375360882805725e-4,3.93753608976396e-4,0.18625607356729912,3.937536095070878e-4,3.9375360926083937e-4,3.9375360953897045e-4,text1065
0.05712429600641411,4.470820952228529e-4,0.8997532062394623,4.4708209482977344e-4,4.4708209500630617e-4,4.4708209477746573e-4,0.04088708727974377,4.470820945433253e-4,text1066
0.13857715926988462,4.264544647198918e-4,4.26454464751546e-4,0.05871631707648041,4.2645446482774866e-4,4.2645446504039654e-4,0.8005742513299438,4.264544643517062e-4,text1067
0.21273125673653676,0.38658054390833785,4.2255526424895146e-4,0.39857542303461724,4.225552638163125e-4,4.225552643529406e-4,4.225552640799556e-4,4.225552640099703e-4,text1068
4.344728083369655e-4,4.3447280737583674e-4,4.3447280744729927e-4,4.344728084413225e-4,4.3447280721079575e-4,0.13934776997846904,4.3447280744193984e-4,0.8580453931752768,text1069
0.771945671094323,5.610648088286756e-4,0.22468794005459558,5.610648088895236e-4,5.61064808046067e-4,5.610648085367147e-4,5.610648082872632e-4,5.610648084930725e-4,text107
3.807766120065899e-4,0.9973345637130159,3.8077661298714427e-4,3.807766123496991e-4,3.807766126266181e-4,3.8077661225802806e-4,3.807766122232588e-4,3.8077661253270055e-4,text1070
2.5765079318830025e-4,0.6190737648986838,2.576507927304088e-4,2.5765079293227507e-4,2.57650792527413e-4,2.576507929447963e-4,2.5765079283599e-4,0.37938033034415697,text1071
0.26493806924895835,4.385961261613596e-4,4.385961253355269e-4,4.385961259139588e-4,0.7324303539968539,4.3859612534632547e-4,4.385961255969415e-4,4.3859612583363656e-4,text1072
0.2665988392831914,2.7448374118838417e-4,2.744837406471451e-4,0.731754258271524,2.7448374065412376e-4,2.7448374099468337e-4,2.7448374052052224e-4,2.7448374127974094e-4,text1073
0.10507260081356659,0.2954341445509675,2.6503885367761335e-4,2.650388533531866e-4,2.650388534008638e-4,2.6503885325162093e-4,0.30690436275541655,0.2915287364663661,text1074
2.402392153824026e-4,0.9983183254926347,2.4023921516419413e-4,2.4023921538768672e-4,2.4023921524786513e-4,2.4023921548994645e-4,2.402392154321399e-4,2.4023921526116e-4,text1075
0.5180032966091518,1.4073998784623867e-4,1.4073998781018767e-4,1.407399877067022e-4,1.40739987563922e-4,0.36285596815126214,1.407399878111324e-4,0.11843703530084786,text1076
0.7469753456132628,0.22976153823879483,1.875829156950261e-4,1.8758291591668553e-4,0.02232520156903777,1.8758291583753243e-4,1.8758291577085717e-4,1.8758291568444463e-4,text1077
3.9042713670689217e-4,0.8959133391954647,3.904271363572577e-4,3.90427137306575e-4,3.904271359554453e-4,3.9042713675854746e-4,3.9042713632538473e-4,0.1017440979851252,text1078
3.9375360914809123e-4,3.937536093175612e-4,3.9375360926122035e-4,0.5080718345839965,3.937536087646082e-4,0.48956564376040274,3.93753609149494e-4,3.9375360995976374e-4,text1079
0.24058038836002385,3.971372526137268e-4,0.3025568128755343,0.313846380992685,0.10819891051252697,3.971372525053475e-4,3.9713725239653866e-4,0.033626095501714276,text108
4.187267205337963e-4,0.4233624836287156,4.1872672123204253e-4,4.1872672094410527e-4,4.1872672053067946e-4,4.1872672074867126e-4,4.1872672076100596e-4,0.5741251560465341,text1080
4.005795534407065e-4,4.005795536674608e-4,4.0057955301327035e-4,4.0057955297151957e-4,4.005795525944688e-4,0.9971959431287654,4.005795526207537e-4,4.005795529265379e-4,text1081
0.04658294594803765,4.3859612558073334e-4,0.1588524881132877,4.385961256718864e-4,4.3859612565000497e-4,4.385961254964788e-4,0.49609656717214806,0.29671361426412757,text1082
3.544899139366881e-4,3.544899139240544e-4,3.5448991343787567e-4,3.5448991395951635e-4,3.54489913692254e-4,3.544899134380177e-4,0.5361736530224456,0.46169940749516597,text1083
0.9117486793252331,4.1127405973175263e-4,4.112740590322165e-4,0.08578367631908466,4.1127405950457026e-4,4.112740591196543e-4,4.112740589163958e-4,4.112740593776703e-4,text1084
3.7159166127210733e-4,0.6966831282842492,3.715916606562096e-4,3.715916604940042e-4,0.06352382236062235,3.715916608820059e-4,3.715916609473795e-4,0.23793509105087685,text1085
4.304262961798264e-4,0.7014502696236058,4.304262964477057e-4,4.304262968208103e-4,0.13256906993580594,4.3042629706518373e-4,0.16382852895746494,4.304262966097653e-4,text1086
0.2848538298225219,3.8394000520996575e-4,0.08823729790479247,3.8394000410912215e-4,0.6249891722494463,3.839400046461717e-4,3.839400049428326e-4,3.839400043312669e-4,text1087
0.3369349393319203,3.053104056522734e-4,3.0531040551596433e-4,3.053104059690724e-4,0.6612331982332857,3.053104056795034e-4,3.053104059468738e-4,3.0531040603029775e-4,text1088
2.5203043634689854e-4,2.5203043674957166e-4,2.520304363116004e-4,2.520304366907597e-4,2.5203043624900045e-4,2.520304366145789e-4,0.9982357869445129,2.520304365247808e-4,text1089
4.304262969410745e-4,4.30426296540112e-4,0.7117361007733827,0.2856813414467711,4.3042629683558674e-4,4.3042629656694323e-4,4.3042629647694085e-4,4.304262964856613e-4,text109
2.846266574686897e-4,0.06174597551554783,0.7560260744989098,2.8462665714876456e-4,2.8462665692563814e-4,0.18080481669988635,2.846266570281317e-4,2.8462665708478004e-4,text1090
2.918155737901787e-4,2.9181557352317547e-4,2.918155734034454e-4,0.03796288432815826,0.9053605952488399,2.918155733883099e-4,0.05521744255541163,2.918155734851749e-4,text1091
0.30434010283506374,2.9745017709492265e-4,2.974501765687311e-4,2.97450177053263e-4,0.1551944870238054,2.974501769176123e-4,0.5389781592567777,2.97450176718563e-4,text1092
3.0939838834606934e-4,0.997834211279071,3.093983892746341e-4,3.0939838890688126e-4,3.093983886851497e-4,3.0939838855406e-4,3.093983886849084e-4,3.0939838847732464e-4,text1093
2.728631225419474e-4,2.7286312249721244e-4,2.7286312218447156e-4,2.728631223773466e-4,2.728631223068016e-4,2.728631220392348e-4,2.7286312225734767e-4,0.9980899581437956,text1094
0.9975185706057987,3.544899135112487e-4,3.54489913305898e-4,3.544899132776214e-4,3.5448991356837664e-4,3.5448991301406825e-4,3.544899136136491e-4,3.5448991391051745e-4,text1095
3.3889305321648547e-4,0.5543079722353296,3.3889305299666613e-4,3.3889305258805657e-4,3.388930531321887e-4,0.4436586694465764,3.3889305313256513e-4,3.388930530280226e-4,text1096
0.6523013819076554,0.3457509532076787,3.2461081372391363e-4,3.246108143461698e-4,3.246108138395605e-4,3.2461081388993204e-4,3.246108142870334e-4,3.2461081457929266e-4,text1097
0.9974993896919924,3.572300443895417e-4,3.572300440647579e-4,3.5723004381519707e-4,3.572300438782629e-4,3.572300438102852e-4,3.572300439528113e-4,3.5723004409680124e-4,text1098
3.600128659709185e-4,3.600128659840137e-4,3.6001286572813994e-4,3.600128658486405e-4,0.9974799099384134,3.600128661243897e-4,3.600128659672763e-4,3.600128659632583e-4,text1099
2.0689800977541709e-4,2.068980095790101e-4,0.06922342615820648,0.9295351857841962,2.0689800936916252e-4,2.068980096710191e-4,2.068980096784183e-4,2.068980095242972e-4,text11
0.3318702567701392,4.6507880829579126e-4,0.12107011350897977,0.5447342356784758,4.650788081842834e-4,4.650788090436241e-4,4.6507880807814775e-4,4.650788088033859e-4,text110
0.6304164731112973,3.517914995382036e-4,3.5179149913785085e-4,0.36747277789278704,3.517914989658355e-4,3.5179149954254275e-4,3.517914996180704e-4,3.5179149911326223e-4,text1100
4.225552643974284e-4,4.225552643037985e-4,0.07883432904768578,4.225552642194503e-4,0.6386506542602749,4.2255526410723665e-4,4.225552649198398e-4,0.28040224037009154,text1101
0.8593324756224846,4.005795531673859e-4,4.0057955373174424e-4,4.0057955295252353e-4,0.13826404705927683,4.005795525515487e-4,4.005795527440711e-4,4.0057955309122194e-4,text1102
0.8358978064740742,0.16192515721894485,3.628393840601731e-4,3.6283938503437195e-4,3.6283938421990573e-4,3.6283938480006096e-4,3.6283938427305787e-4,3.6283938459335825e-4,text1103
3.3889305308304886e-4,3.3889305324645504e-4,0.1595683153141476,0.26694684129667584,0.5717903781226925,3.388930534925458e-4,3.388930535315145e-4,3.388930531303301e-4,text1104
0.8724269797037925,3.3159821764214677e-4,3.315982175951073e-4,3.315982176816102e-4,0.12558343099035008,3.315982173421073e-4,3.315982177213132e-4,3.3159821787529805e-4,text1105
3.628393848382883e-4,0.4321625759179143,3.628393843946456e-4,3.6283938425634555e-4,3.6283938478648387e-4,3.6283938409031766e-4,0.5656603877755851,3.6283938413443726e-4,text1106
3.364260386747275e-4,0.25883360414047196,3.364260386184487e-4,0.5130176051880289,3.3642603827823195e-4,3.3642603888723856e-4,0.2264666604785125,3.364260385280024e-4,text1107
3.7159166095181596e-4,0.17108760111736154,3.715916603893361e-4,3.7159166125582635e-4,3.715916603921844e-4,0.8266828489172002,3.7159166114775574e-4,3.715916613012838e-4,text1108
3.7159166095580934e-4,0.6963603167162516,0.10863470968023832,3.7159166094687443e-4,3.715916607109977e-4,3.715916605142097e-4,0.19314701529967246,3.7159166070967783e-4,text1109
0.9973777742584325,3.746036774297362e-4,3.746036781513204e-4,3.746036772892428e-4,3.7460367680231633e-4,3.7460367720297565e-4,3.7460367739988005e-4,3.7460367729192767e-4,text111
0.27787790903803333,2.846266572084553e-4,2.846266570238796e-4,0.4785679905151137,2.846266567945596e-4,0.2421309671612695,2.846266571425182e-4,2.846266574141524e-4,text1110
3.413965159339539e-4,0.8024488364099119,3.413965156613379e-4,0.11793103874375481,3.4139651567167235e-4,3.413965157249641e-4,0.07791314226722741,3.4139651611382724e-4,text1111
0.5240298624468958,4.0057955251324395e-4,4.005795534101915e-4,4.005795525410335e-4,4.005795521999854e-4,0.4735666602367302,4.005795526504824e-4,4.005795530590961e-4,text1112
3.3399468295402265e-4,3.3399468307147146e-4,0.08917609800234567,3.3399468287335313e-4,0.9088199338998431,3.3399468298603367e-4,3.3399468285323305e-4,3.339946830731599e-4,text1113
3.746036774236929e-4,0.7955278613914627,3.7460367782262956e-4,0.2022245165420547,3.746036774294232e-4,3.7460367821577205e-4,3.7460367745908237e-4,3.7460367813199765e-4,text1114
3.5179149932166193e-4,3.517914999964329e-4,3.5179149913102244e-4,3.517914994117666e-4,3.5179149911380715e-4,3.517914991254792e-4,0.9975374595046641,3.517914992356662e-4,text1115
3.8394000443510293e-4,3.8394000431635645e-4,3.839400038334432e-4,3.8394000360285303e-4,3.839400039010727e-4,3.8394000391810004e-4,3.839400039175909e-4,0.9973124199720754,text1116
0.1464874943124991,3.572300441073313e-4,3.5723004401076866e-4,3.5723004408436365e-4,0.03093315068087785,0.5474195065128156,3.5723004409198207e-4,0.273730928317513,text1117
0.790819156348254,3.179118098132913e-4,0.16923312101722537,3.1791180993564057e-4,0.038358163586607485,3.1791180930048284e-4,3.1791180896167124e-4,3.179118099020971e-4,text1118
3.223466619248825e-4,3.223466619040862e-4,3.223466617557572e-4,3.2234666206816786e-4,0.9977435733657626,3.223466620717865e-4,3.2234666216189855e-4,3.223466623508869e-4,text1119
0.1345714306718073,3.937536094826398e-4,0.14477956707587056,3.9375360959701495e-4,3.9375360881371455e-4,3.937536093657251e-4,3.937536089719424e-4,0.7186802342060911,text112
0.29365235457354455,3.2690699757036357e-4,0.23703698431119016,0.40807344475851415,3.269069981104561e-4,3.269069976132728e-4,0.0599295883657615,3.2690699769559006e-4,text1120
0.9541145996094226,2.4404509075283529e-4,2.4404509122480787e-4,0.04442112984525228,2.4404509064027428e-4,2.4404509129960218e-4,2.44045090666586e-4,2.440450907410296e-4,text1121
2.5909526858520495e-4,2.590952689187096e-4,2.5909526873744884e-4,2.5909526878369564e-4,2.590952689041287e-4,2.5909526872189043e-4,0.9981863331186929,2.590952686559355e-4,text1122
2.5480962657689166e-4,0.9982163326151235,2.5480962603898285e-4,2.548096263604164e-4,2.5480962638806473e-4,2.5480962634398676e-4,2.5480962645558846e-4,2.548096267125873e-4,text1123
2.4023921525337768e-4,0.49873623384855137,0.0326748101024685,0.4204323786451081,2.4023921516587438e-4,0.04719562054279398,2.4023921529767167e-4,2.4023921536111623e-4,text1124
2.2724499279188872e-4,2.2724499301786518e-4,2.2724499257280306e-4,2.2724499280512024e-4,2.2724499265018894e-4,2.2724499276932991e-4,0.9984092850505466,2.272449928462773e-4,text1125
2.696786260198378e-4,2.696786260370085e-4,2.6967862599194413e-4,0.9981122496180109,2.6967862590101415e-4,2.69678625951348e-4,2.6967862604815584e-4,2.6967862603974346e-4,text1126
0.30994851659853206,0.1746045026751493,3.223466620516648e-4,3.2234666253242675e-4,3.223466620148089e-4,3.2234666189182894e-4,0.027991404685426817,0.48616618939240114,text1127
3.439372413210299e-4,3.439372413081689e-4,3.4393724074172484e-4,3.439372412834647e-4,3.4393724068128046e-4,0.7346775793613679,3.4393724059359143e-4,0.2632587971927028,text1128
3.0132904118706686e-4,0.2972900120477267,3.0132904091724504e-4,3.0132904099348484e-4,0.43871139024874506,3.013290409919507e-4,3.0132904108751113e-4,0.2624919524983509,text1129
4.076463356464902e-4,4.0764633545787654e-4,0.3673987345291079,0.20292168381968348,4.0764633492198186e-4,0.42764134997472547,4.076463352248631e-4,4.076463352320406e-4,text113
2.918155737695285e-4,2.9181557309221757e-4,2.9181557321622385e-4,2.9181557340377006e-4,2.918155731983907e-4,0.045201517185685235,2.9181557367737493e-4,0.9530475893739573,text1130
2.7946319730596104e-4,2.7946319731463206e-4,2.7946319682367284e-4,2.794631972608946e-4,0.6602929769688776,2.794631970919381e-4,0.10235942605210593,0.2359502809932195,text1131
2.74483741151334e-4,2.744837412605946e-4,2.7448374087536546e-4,0.4280135333692959,2.7448374110256333e-4,0.3996692716533252,0.1709447762718188,2.7448374117023777e-4,text1132
2.936699042976594e-4,2.9366990482679464e-4,0.8236999304420223,2.936699050732848e-4,2.93669904572677e-4,2.936699045371714e-4,0.021357804254217773,0.15347391578045236,text1133
2.7946319687178773e-4,2.794631972189585e-4,2.7946319674179156e-4,2.794631968639113e-4,2.7946319701395846e-4,0.5849010023610901,0.41342221845710825,2.7946319709126896e-4,text1134
0.18878178641967014,0.4089274496284162,2.863904743871042e-4,0.1470022104962973,2.8639047448516457e-4,0.25414299155711106,2.863904752676794e-4,2.863904743653808e-4,text1135
1.6967653518901732e-4,1.6967653527338685e-4,1.6967653505681337e-4,1.696765350902769e-4,0.9988122642538747,1.6967653505148552e-4,1.6967653507945002e-4,1.6967653538482104e-4,text1136
2.6055603291109817e-4,2.605560328300399e-4,2.6055603258069064e-4,0.041822688235914764,2.605560327607905e-4,2.60556032961251e-4,0.2609106895574567,0.6959638420425847,text1137
0.20948285683231796,2.493112174885258e-4,0.4954357943702827,0.17458774481894818,2.4931121721551164e-4,2.4931121731097255e-4,2.493112178706391e-4,0.1194963591085656,text1138
2.761237254142055e-4,2.7612372562886323e-4,2.7612372561111283e-4,2.761237254875733e-4,0.9980671339215749,2.761237253600759e-4,2.761237255113628e-4,2.7612372541189947e-4,text1139
3.9375360907533156e-4,0.16135341798045516,0.5417354804110908,3.9375360997397627e-4,3.937536088897894e-4,3.9375360961313704e-4,0.29494233356154925,3.9375360935248595e-4,text114
2.590952689988567e-4,2.5909526931112514e-4,0.28969813790036403,0.7087472904858779,2.590952687504461e-4,2.590952687537381e-4,2.5909526893749926e-4,2.590952690062932e-4,text1140
0.05968567972658239,2.846266577462019e-4,2.846266570139344e-4,2.846266572767292e-4,0.7737800188157993,0.1651111681707195,2.846266572744206e-4,2.8462665758747553e-4,text1141
2.1968347188489293e-4,2.1968347199691088e-4,2.1968347171092247e-4,2.1968347191196358e-4,0.998462215696434,2.1968347193671944e-4,2.196834719116689e-4,2.1968347221290537e-4,text1142
2.6811409025713625e-4,0.3807087601680873,2.6811408977873264e-4,2.681140903571911e-4,2.681140896763028e-4,0.6176825552921087,2.681140897594786e-4,2.681140899751224e-4,text1143
0.31667037219880734,0.20551140409658417,2.6967862573969707e-4,0.10281763037946261,0.37392187882147476,2.696786261001951e-4,2.6967862565945163e-4,2.696786261717843e-4,text1144
2.5066345263281744e-4,0.8066031928859287,2.506634529285303e-4,0.1918928263987724,2.506634521868348e-4,2.5066345286451096e-4,2.506634523372879e-4,2.5066345234893076e-4,text1145
0.9979443106682095,2.936699045133877e-4,2.936699042541187e-4,2.936699046906911e-4,2.936699045008175e-4,2.936699043840045e-4,2.936699048855673e-4,2.936699045619362e-4,text1146
2.534124114255394e-4,2.534124117131385e-4,2.534124115305197e-4,2.534124114674942e-4,0.32238642857382555,2.534124112245134e-4,2.5341241193894515e-4,0.6760930969568743,text1147
2.3776723330734052e-4,0.14327739925969432,2.3776723306296582e-4,0.4416246179485235,0.16578228186528204,2.377672328483649e-4,2.3776723321223105e-4,0.2483646319940693,text1148
1.6138141440457334e-4,0.0981894095834226,0.24438670549598326,1.6138141429516536e-4,1.613814141810088e-4,1.6138141422777466e-4,1.6138141417162077e-4,0.6566169778493139,text1149
4.4279845665566066e-4,4.4279845683134066e-4,4.4279845622940094e-4,4.4279845693797097e-4,0.013840893070466655,0.9835023161900555,4.427984561247713e-4,4.427984566987543e-4,text115
0.016737523522119987,2.1359158114474347e-4,0.981980926993595,2.1359158052548587e-4,2.135915806207652e-4,2.135915805175393e-4,2.1359158075172864e-4,2.1359158072479855e-4,text1150
2.0597587974079319e-4,2.0597587965512937e-4,2.0597587964954196e-4,0.20213571664682745,0.7966284280749618,2.0597587975851566e-4,2.059758798420947e-4,2.0597587956469997e-4,text1151
0.9120537421265755,2.1359158077681868e-4,2.135915804396379e-4,0.08666470839047974,2.135915803836068e-4,2.1359158047828432e-4,2.1359158037633245e-4,2.135915804901299e-4,text1152
2.3415319494134732e-4,2.3415319494070474e-4,2.3415319490988713e-4,2.3415319510131457e-4,0.1356451235860011,0.025937846419556383,0.1476839641660001,0.6897964530485491,text1153
1.625164253097404e-4,1.6251642536578253e-4,1.6251642523295283e-4,1.6251642528396728e-4,0.9988623850230356,1.6251642517939674e-4,1.625164253152052e-4,1.6251642527741742e-4,text1154
4.0764633589564155e-4,0.14216129684007434,0.07216395752168622,4.07646335534667e-4,4.076463352648336e-4,0.1359682857297389,4.076463349894579e-4,0.6480758745668159,text116
0.33263603997679325,3.776649223733868e-4,0.0871314836885432,3.776649226604825e-4,3.7766492256526604e-4,3.776649228250846e-4,0.5783441517216722,3.776649225670954e-4,text117
3.7766492249246934e-4,3.776649228686859e-4,0.1968214866959276,0.8009125237685245,3.776649222935804e-4,3.776649226623625e-4,3.7766492231700976e-4,3.776649229138087e-4,text118
0.6644490846631408,4.040820496842931e-4,0.3331264230382827,4.0408204991982457e-4,4.0408204973582293e-4,4.040820495780087e-4,4.040820497425292e-4,4.040820499160972e-4,text119
3.0734080409983047e-4,3.0734080420631517e-4,0.07164554167326066,3.073408041847674e-4,3.073408039682627e-4,0.9265104135021079,3.073408039407074e-4,3.073408042314722e-4,text12
4.4708209535072304e-4,4.4708209421722643e-4,4.47082094598029e-4,4.470820949009964e-4,4.470820947522406e-4,0.9968704253353713,4.470820954208276e-4,4.4708209538866156e-4,text120
4.22555263709233e-4,4.2255526349063753e-4,4.225552636409312e-4,0.2605599923078216,4.225552630142557e-4,0.736904676110852,4.225552634092451e-4,4.225552640620846e-4,text121
0.05712429600641411,4.470820952228529e-4,0.8997532062394623,4.4708209482977344e-4,4.4708209500630617e-4,4.4708209477746573e-4,0.04088708727974377,4.470820945433253e-4,text122
4.1872672026354755e-4,4.1872672178069843e-4,0.9708994865104331,4.187267198773157e-4,4.1872671996014024e-4,4.1872672045353186e-4,0.026588153165551395,4.1872672168014806e-4,text123
4.6980667414796707e-4,0.09622056611719017,0.9009605938382017,4.698066747188739e-4,4.6980667372916075e-4,4.6980667370688143e-4,4.6980667424615996e-4,4.698066740591328e-4,text124
4.1872672076050837e-4,4.187267200862736e-4,4.187267206743124e-4,0.9970689129578518,4.1872671942189734e-4,4.187267212937614e-4,4.1872671972179064e-4,4.1872672018965635e-4,text125
3.839400044902165e-4,0.06371088863713664,0.9339854713353307,3.8394000478142405e-4,3.839400040285854e-4,3.839400050348356e-4,3.839400047673244e-4,3.8394000443016174e-4,text126
0.4637904599015969,4.225552635447867e-4,0.38359072857710275,4.225552642528596e-4,4.225552637263857e-4,0.1505060352022261,4.225552637732416e-4,4.2255526377706196e-4,text127
4.005795524769854e-4,4.00579552706374e-4,0.7881062260857797,0.20949029659763396,4.0057955244102064e-4,4.0057955313267326e-4,4.0057955285861054e-4,4.0057955297066186e-4,text128
0.49782969382472153,4.304262961465119e-4,4.3042629612246187e-4,4.3042629700359227e-4,4.3042629595013606e-4,0.4995877483971192,4.304262962053475e-4,4.3042629673111903e-4,text129
4.698066752925048e-4,4.6980667423730885e-4,4.698066749972284e-4,0.7255226258037436,4.6980667411374884e-4,0.2716585341486699,4.6980667417997614e-4,4.698066747658079e-4,text13
4.0057955350634094e-4,0.31905670153477345,0.6785398211455043,4.0057955353274164e-4,4.0057955303077317e-4,4.0057955361541856e-4,4.0057955284441714e-4,4.0057955319263577e-4,text130
0.8839563707798398,4.1872672014813645e-4,0.036714525188413484,4.187267203609983e-4,4.187267198125384e-4,0.07723547043089543,4.1872672022693296e-4,4.1872672030271885e-4,text131
0.2313104010705195,0.08830595845462269,0.6362870509502159,3.83940004958643e-4,3.8394000437211306e-4,0.04256082950549776,3.83940004925207e-4,3.8394000488818853e-4,text132
3.8394000429378276e-4,3.839400044522379e-4,3.839400049847532e-4,0.900688779931314,3.8394000368134363e-4,0.09700758004288271,3.8394000380073955e-4,3.839400045904517e-4,text133
3.904271366384298e-4,3.9042713679280386e-4,0.17439788008377283,3.9042713639184833e-4,3.904271368687874e-4,3.90427136611727e-4,3.904271363821698e-4,0.8232595570965414,text134
3.8394000437937906e-4,3.839400050616084e-4,0.681311136356132,0.07529377237989272,3.839400044456272e-4,3.839400048567044e-4,0.24147539124049128,3.839400047405364e-4,text135
4.076463349263748e-4,4.0764633543856685e-4,0.4414738012711206,0.046776453180250054,4.076463345777922e-4,4.076463357263951e-4,4.0764633487759495e-4,0.5097115138730827,text136
4.005795526667447e-4,0.1214520976310241,0.4821182398141032,4.0057955260489986e-4,4.0057955307001055e-4,0.39442676479016875,4.0057955333955996e-4,4.005795530227463e-4,text137
4.344728077750804e-4,4.3447280766324275e-4,4.3447280757395046e-4,0.9969586903444484,4.3447280814930316e-4,4.3447280834809764e-4,4.344728078283076e-4,4.3447280821361673e-4,text138
4.427984571528942e-4,0.29119058011464555,4.427984574381239e-4,0.5678409418844371,4.4279845669970334e-4,0.13875448571605983,4.427984568264606e-4,4.427984567402996e-4,text139
6.38592375063761e-4,0.19570654429472517,0.18344255600685722,6.385923746537125e-4,6.385923736650123e-4,6.385923756297443e-4,6.385923743871436e-4,0.6176579378250182,text14
4.005795534407065e-4,4.005795536674608e-4,4.0057955301327035e-4,4.0057955297151957e-4,4.005795525944688e-4,0.9971959431287654,4.005795526207537e-4,4.005795529265379e-4,text140
0.3526901428775956,0.31163646043131477,5.113964176221155e-4,0.3331164146038621,5.113964170678542e-4,5.113964177524826e-4,5.113964170832067e-4,5.113964177019342e-4,text141
4.112740596678494e-4,4.112740596077938e-4,4.112740600735157e-4,0.9971210815834167,4.112740587178853e-4,4.112740596393447e-4,4.112740588018211e-4,4.112740600751326e-4,text142
3.686276940905875e-4,0.37537553014148173,0.17330550044073836,0.44947583094752125,3.686276936942718e-4,3.686276942657526e-4,3.6862769391708146e-4,3.6862769429094505e-4,text143
4.3859612646580373e-4,4.3859612568881263e-4,0.11775725440080889,0.2822404846428837,4.3859612559234493e-4,0.597809280327399,4.3859612557729864e-4,4.385961255840762e-4,text144
3.572300436027009e-4,3.572300435733338e-4,0.997499389693456,3.572300435323506e-4,3.5723004414635974e-4,3.5723004387824516e-4,3.5723004396619044e-4,3.572300438447799e-4,text145
4.470820940038092e-4,0.5810187911940039,0.41629871623722203,4.4708209516934616e-4,4.4708209437763213e-4,4.470820956034903e-4,4.4708209509154576e-4,4.470820945282683e-4,text146
3.8077661240643734e-4,3.8077661267031405e-4,0.9973345637129973,3.807766128776823e-4,3.8077661193568256e-4,3.8077661284761417e-4,3.8077661208553237e-4,3.807766121794393e-4,text147
0.14494009196540672,3.6862769387063365e-4,0.8528481418691862,3.68627694350416e-4,3.686276939025244e-4,3.6862769469836514e-4,3.6862769425497063e-4,3.6862769433013246e-4,text148
4.225552638729838e-4,4.225552642533395e-4,0.5374314832613846,4.2255526414229633e-4,4.2255526368887273e-4,0.46003318515466224,4.2255526449566807e-4,4.2255526350006885e-4,text149
5.171186736748608e-4,5.17118673995512e-4,5.171186740365454e-4,0.30193286762589705,0.3400392265489086,0.3554423124541636,5.171186747270209e-4,5.171186745969128e-4,text15
0.4450517599839659,3.491338561673279e-4,0.5528534368786565,3.491338555627768e-4,3.491338572411226e-4,3.491338560589168e-4,3.491338564751331e-4,3.491338558723784e-4,text150
0.36432746694452395,3.6283938468311154e-4,0.5579053070636536,3.628393847263762e-4,0.07595302906871015,3.6283938440504095e-4,3.6283938486286125e-4,3.628393844348242e-4,text151
4.112740592322237e-4,4.1127405873105143e-4,0.8251154464771057,4.1127405940066645e-4,4.112740588761e-4,0.17241690916853908,4.1127405897085136e-4,4.112740591443277e-4,text152
3.544899130785181e-4,3.5448991316187493e-4,3.5448991341970737e-4,3.5448991351615816e-4,3.544899129532353e-4,3.5448991386827434e-4,3.5448991308878263e-4,0.9975185706069134,text153
0.08738562098433077,3.7460367786361793e-4,0.13313821777329962,3.74603677762557e-4,3.746036773223912e-4,0.6165871987809731,3.7460367823650715e-4,0.1613905477502115,text154
4.005795526236468e-4,4.0057955255710524e-4,0.42758935126069947,4.0057955275236447e-4,4.0057955260469435e-4,0.5700071714227103,4.0057955289063364e-4,4.005795531618252e-4,text155
3.8394000515754793e-4,3.839400044381337e-4,0.17182314826320413,3.839400045529128e-4,3.8394000438707446e-4,3.839400043572242e-4,0.8258732117095949,3.839400043080161e-4,text156
3.413965155080646e-4,0.5814120158990841,0.370721507242128,0.046159494280998636,3.4139651558200406e-4,3.413965154108578e-4,3.413965156938397e-4,3.413965155943675e-4,text157
3.628393838982032e-4,3.6283938362780693e-4,0.48178009309428305,3.628393847473011e-4,3.628393841072033e-4,0.18933534770965638,3.6283938396429466e-4,0.32707036227571573,text158
0.4604385146358811,3.657106367291372e-4,0.5373672215423371,3.6571063683642045e-4,3.657106371824656e-4,3.657106372292009e-4,3.657106367236014e-4,3.657106370810676e-4,text159
0.44597516647771906,3.2234666213471435e-4,0.16530258911566753,0.1266773237185364,3.2234666187609445e-4,0.14959675755531016,0.1114811231460631,3.2234666269301173e-4,text16
0.17809327021490354,3.4139651542784504e-4,0.39262422005588626,3.4139651602183897e-4,3.4139651595413e-4,3.4139651573480875e-4,3.413965157258388e-4,0.4275755271503458,text160
0.1725673024524589,3.839400041841315e-4,0.8251290575217217,3.8394000452949515e-4,3.839400043976607e-4,3.8394000407312003e-4,3.8394000426957285e-4,3.839400043653786e-4,text161
0.08475471864403876,0.23193047158661512,0.6814264851559867,3.776649225549057e-4,3.776649225584887e-4,3.776649227211077e-4,3.7766492253485634e-4,3.7766492299008025e-4,text162
4.005795523362708e-4,0.506136471281813,0.49146005140275784,4.0057955303561164e-4,4.0057955212879746e-4,4.0057955279185025e-4,4.005795526068906e-4,4.005795525296847e-4,text163
